(kicad_pcb (version 20171130) (host pcbnew 5.0.0)

  (general
    (thickness 1.6)
    (drawings 20)
    (tracks 2220)
    (zones 0)
    (modules 215)
    (nets 148)
  )

  (page A4)
  (layers
    (0 F.Cu signal)
    (31 B.Cu signal)
    (32 B.Adhes user)
    (33 F.Adhes user)
    (34 B.Paste user)
    (35 F.Paste user)
    (36 B.SilkS user)
    (37 F.SilkS user)
    (38 B.Mask user)
    (39 F.Mask user)
    (40 Dwgs.User user)
    (41 Cmts.User user)
    (42 Eco1.User user)
    (43 Eco2.User user)
    (44 Edge.Cuts user)
    (45 Margin user)
    (46 B.CrtYd user)
    (47 F.CrtYd user)
    (48 B.Fab user)
    (49 F.Fab user)
  )

  (setup
    (last_trace_width 0.2032)
    (user_trace_width 0.3048)
    (user_trace_width 0.4064)
    (user_trace_width 0.6096)
    (user_trace_width 0.8128)
    (user_trace_width 1.016)
    (user_trace_width 1.27)
    (trace_clearance 0.1524)
    (zone_clearance 0.508)
    (zone_45_only no)
    (trace_min 0.2)
    (segment_width 0.2)
    (edge_width 0.2)
    (via_size 0.6096)
    (via_drill 0.3048)
    (via_min_size 0.4)
    (via_min_drill 0.3)
    (user_via 0.8128 0.4064)
    (user_via 1.27 0.8128)
    (uvia_size 0.3)
    (uvia_drill 0.1)
    (uvias_allowed no)
    (uvia_min_size 0.2)
    (uvia_min_drill 0.1)
    (pcb_text_width 0.3)
    (pcb_text_size 1.5 1.5)
    (mod_edge_width 0.15)
    (mod_text_size 1.016 1.016)
    (mod_text_width 0.15)
    (pad_size 1.2 2.5)
    (pad_drill 0)
    (pad_to_mask_clearance 0.2)
    (aux_axis_origin 0 0)
    (visible_elements FFFFFF7F)
    (pcbplotparams
      (layerselection 0x010fc_ffffffff)
      (usegerberextensions false)
      (usegerberattributes false)
      (usegerberadvancedattributes false)
      (creategerberjobfile false)
      (excludeedgelayer true)
      (linewidth 0.100000)
      (plotframeref false)
      (viasonmask false)
      (mode 1)
      (useauxorigin false)
      (hpglpennumber 1)
      (hpglpenspeed 20)
      (hpglpendiameter 15.000000)
      (psnegative false)
      (psa4output false)
      (plotreference true)
      (plotvalue true)
      (plotinvisibletext false)
      (padsonsilk false)
      (subtractmaskfromsilk false)
      (outputformat 1)
      (mirror false)
      (drillshape 1)
      (scaleselection 1)
      (outputdirectory ""))
  )

  (net 0 "")
  (net 1 GND)
  (net 2 VBUS)
  (net 3 "Net-(C202-Pad2)")
  (net 4 +3V3)
  (net 5 "Net-(C204-Pad1)")
  (net 6 "Net-(C205-Pad1)")
  (net 7 "Net-(C206-Pad2)")
  (net 8 "Net-(C301-Pad1)")
  (net 9 "Net-(C302-Pad2)")
  (net 10 "Net-(C302-Pad1)")
  (net 11 "Net-(C303-Pad2)")
  (net 12 "Net-(C303-Pad1)")
  (net 13 "Net-(C304-Pad1)")
  (net 14 "Net-(C305-Pad1)")
  (net 15 "Net-(C306-Pad1)")
  (net 16 "Net-(C307-Pad1)")
  (net 17 "Net-(C308-Pad1)")
  (net 18 "Net-(C311-Pad1)")
  (net 19 "Net-(C407-Pad1)")
  (net 20 "Net-(C501-Pad2)")
  (net 21 +5VD)
  (net 22 GNDA)
  (net 23 "Net-(C704-Pad1)")
  (net 24 "Net-(C707-Pad1)")
  (net 25 "Net-(C708-Pad1)")
  (net 26 +5VA)
  (net 27 "Net-(C801-Pad1)")
  (net 28 "Net-(C802-Pad1)")
  (net 29 "Net-(C803-Pad1)")
  (net 30 "Net-(C804-Pad1)")
  (net 31 "Net-(C805-Pad2)")
  (net 32 "Net-(C805-Pad1)")
  (net 33 "Net-(C806-Pad2)")
  (net 34 -5VA)
  (net 35 "Net-(C1001-Pad1)")
  (net 36 "Net-(C1002-Pad2)")
  (net 37 "Net-(C1004-Pad1)")
  (net 38 "Net-(C1101-Pad1)")
  (net 39 "Net-(C1102-Pad1)")
  (net 40 "Net-(C1103-Pad1)")
  (net 41 "Net-(C1104-Pad1)")
  (net 42 "Net-(C1105-Pad2)")
  (net 43 "Net-(C1105-Pad1)")
  (net 44 "Net-(C1106-Pad2)")
  (net 45 "Net-(D501-Pad1)")
  (net 46 "Net-(D503-Pad1)")
  (net 47 "Net-(D503-Pad4)")
  (net 48 "Net-(D504-Pad1)")
  (net 49 "Net-(D504-Pad4)")
  (net 50 "Net-(D505-Pad1)")
  (net 51 "Net-(D505-Pad4)")
  (net 52 "Net-(D506-Pad4)")
  (net 53 "Net-(D506-Pad1)")
  (net 54 "Net-(D507-Pad4)")
  (net 55 "Net-(D507-Pad1)")
  (net 56 "Net-(D508-Pad4)")
  (net 57 "Net-(D508-Pad1)")
  (net 58 "Net-(D509-Pad1)")
  (net 59 "Net-(D509-Pad4)")
  (net 60 "Net-(D510-Pad1)")
  (net 61 "Net-(D510-Pad4)")
  (net 62 "Net-(D511-Pad4)")
  (net 63 "Net-(D1001-Pad4)")
  (net 64 "Net-(D1001-Pad3)")
  (net 65 "Net-(D1001-Pad2)")
  (net 66 "Net-(D1001-Pad1)")
  (net 67 "Net-(D1002-Pad1)")
  (net 68 "Net-(D1002-Pad2)")
  (net 69 "Net-(D1002-Pad3)")
  (net 70 /SWITCH/I2S_SDATA_4)
  (net 71 /SWITCH/I2S_LRCK_4)
  (net 72 /SWITCH/I2S_SCLK_4)
  (net 73 /SWITCH/I2S_MCLK_4)
  (net 74 "Net-(J201-Pad5)")
  (net 75 "Net-(J201-Pad3)")
  (net 76 "Net-(J201-Pad2)")
  (net 77 /BT_WiFi/USB_D-)
  (net 78 /BT_WiFi/USB_D+)
  (net 79 "Net-(J401-Pad6)")
  (net 80 "Net-(Q401-Pad1)")
  (net 81 /BT_WiFi/RTS)
  (net 82 /BT_WiFi/EN)
  (net 83 "Net-(Q402-Pad1)")
  (net 84 /BT_WiFi/DTR)
  (net 85 /BT_WiFi/IO0)
  (net 86 /BT_WiFi/IO2)
  (net 87 "Net-(Q403-Pad1)")
  (net 88 "Net-(R204-Pad2)")
  (net 89 "Net-(R206-Pad2)")
  (net 90 "Net-(R207-Pad2)")
  (net 91 "Net-(R302-Pad1)")
  (net 92 "Net-(R303-Pad1)")
  (net 93 "Net-(R305-Pad2)")
  (net 94 /SPDIF/8416_SDATA)
  (net 95 "Net-(R307-Pad2)")
  (net 96 /SPDIF/8416_LRCLK)
  (net 97 /SPDIF/8416_BCLK)
  (net 98 "Net-(R308-Pad2)")
  (net 99 "Net-(R309-Pad2)")
  (net 100 /SPDIF/8416_MCLK)
  (net 101 "Net-(R310-Pad2)")
  (net 102 "Net-(R311-Pad2)")
  (net 103 "Net-(R312-Pad2)")
  (net 104 "Net-(R405-Pad2)")
  (net 105 /I2C_SDA)
  (net 106 /BT_WiFi/ESP_I2S_MCLK)
  (net 107 /BT_WiFi/IO5)
  (net 108 /BT_WiFi/ESP_I2S_SCLK)
  (net 109 /BT_WiFi/IO25)
  (net 110 /BT_WiFi/ESP_I2S_LRCLK)
  (net 111 /BT_WiFi/ESP_I2S_SDATA)
  (net 112 /BT_WiFi/IO26)
  (net 113 /I2C_SCL)
  (net 114 /BT_WiFi/IO4)
  (net 115 /BT_WiFi/IO33)
  (net 116 /BT_WiFi/IO32)
  (net 117 /BT_WiFi/IO35)
  (net 118 /BT_WiFi/IO34)
  (net 119 /CS4398/OUTA+)
  (net 120 /CS4398/OUTA-)
  (net 121 /LowPassFilterA/OUTA)
  (net 122 /Output/LOUT)
  (net 123 /Output/ROUT)
  (net 124 "Net-(R903-Pad1)")
  (net 125 "Net-(R904-Pad1)")
  (net 126 /CS4398/OUTB+)
  (net 127 /CS4398/OUTB-)
  (net 128 /LowpassFilterB/OUTB)
  (net 129 /SWITCH/I2S_LRCK_1)
  (net 130 /SWITCH/I2S_SDATA_1)
  (net 131 /SWITCH/I2S_MCLK_1)
  (net 132 /SWITCH/I2S_SCLK_1)
  (net 133 /IN0)
  (net 134 /IN3)
  (net 135 /~4398_RST)
  (net 136 /IN2)
  (net 137 /IN1)
  (net 138 /BT_WiFi/RXD0)
  (net 139 /BT_WiFi/TXD0)
  (net 140 /CS4398/CS4398_I2S_SCLK)
  (net 141 /CS4398/CS4398_I2S_MCLK)
  (net 142 /CS4398/CS4398_I2S_SDATA)
  (net 143 /CS4398/CS4398_I2S_LRCLK)
  (net 144 "Net-(U801-Pad6)")
  (net 145 "Net-(U1101-Pad6)")
  (net 146 "Net-(J901-PadS)")
  (net 147 "Net-(J901-PadR)")

  (net_class Default 这是默认网络组.
    (clearance 0.1524)
    (trace_width 0.2032)
    (via_dia 0.6096)
    (via_drill 0.3048)
    (uvia_dia 0.3)
    (uvia_drill 0.1)
    (add_net +3V3)
    (add_net +5VA)
    (add_net +5VD)
    (add_net -5VA)
    (add_net /BT_WiFi/DTR)
    (add_net /BT_WiFi/EN)
    (add_net /BT_WiFi/ESP_I2S_LRCLK)
    (add_net /BT_WiFi/ESP_I2S_MCLK)
    (add_net /BT_WiFi/ESP_I2S_SCLK)
    (add_net /BT_WiFi/ESP_I2S_SDATA)
    (add_net /BT_WiFi/IO0)
    (add_net /BT_WiFi/IO2)
    (add_net /BT_WiFi/IO25)
    (add_net /BT_WiFi/IO26)
    (add_net /BT_WiFi/IO32)
    (add_net /BT_WiFi/IO33)
    (add_net /BT_WiFi/IO34)
    (add_net /BT_WiFi/IO35)
    (add_net /BT_WiFi/IO4)
    (add_net /BT_WiFi/IO5)
    (add_net /BT_WiFi/RTS)
    (add_net /BT_WiFi/RXD0)
    (add_net /BT_WiFi/TXD0)
    (add_net /BT_WiFi/USB_D+)
    (add_net /BT_WiFi/USB_D-)
    (add_net /CS4398/CS4398_I2S_LRCLK)
    (add_net /CS4398/CS4398_I2S_MCLK)
    (add_net /CS4398/CS4398_I2S_SCLK)
    (add_net /CS4398/CS4398_I2S_SDATA)
    (add_net /CS4398/OUTA+)
    (add_net /CS4398/OUTA-)
    (add_net /CS4398/OUTB+)
    (add_net /CS4398/OUTB-)
    (add_net /I2C_SCL)
    (add_net /I2C_SDA)
    (add_net /IN0)
    (add_net /IN1)
    (add_net /IN2)
    (add_net /IN3)
    (add_net /LowPassFilterA/OUTA)
    (add_net /LowpassFilterB/OUTB)
    (add_net /Output/LOUT)
    (add_net /Output/ROUT)
    (add_net /SPDIF/8416_BCLK)
    (add_net /SPDIF/8416_LRCLK)
    (add_net /SPDIF/8416_MCLK)
    (add_net /SPDIF/8416_SDATA)
    (add_net /SWITCH/I2S_LRCK_1)
    (add_net /SWITCH/I2S_LRCK_4)
    (add_net /SWITCH/I2S_MCLK_1)
    (add_net /SWITCH/I2S_MCLK_4)
    (add_net /SWITCH/I2S_SCLK_1)
    (add_net /SWITCH/I2S_SCLK_4)
    (add_net /SWITCH/I2S_SDATA_1)
    (add_net /SWITCH/I2S_SDATA_4)
    (add_net /~4398_RST)
    (add_net GND)
    (add_net GNDA)
    (add_net "Net-(C1001-Pad1)")
    (add_net "Net-(C1002-Pad2)")
    (add_net "Net-(C1004-Pad1)")
    (add_net "Net-(C1101-Pad1)")
    (add_net "Net-(C1102-Pad1)")
    (add_net "Net-(C1103-Pad1)")
    (add_net "Net-(C1104-Pad1)")
    (add_net "Net-(C1105-Pad1)")
    (add_net "Net-(C1105-Pad2)")
    (add_net "Net-(C1106-Pad2)")
    (add_net "Net-(C202-Pad2)")
    (add_net "Net-(C204-Pad1)")
    (add_net "Net-(C205-Pad1)")
    (add_net "Net-(C206-Pad2)")
    (add_net "Net-(C301-Pad1)")
    (add_net "Net-(C302-Pad1)")
    (add_net "Net-(C302-Pad2)")
    (add_net "Net-(C303-Pad1)")
    (add_net "Net-(C303-Pad2)")
    (add_net "Net-(C304-Pad1)")
    (add_net "Net-(C305-Pad1)")
    (add_net "Net-(C306-Pad1)")
    (add_net "Net-(C307-Pad1)")
    (add_net "Net-(C308-Pad1)")
    (add_net "Net-(C311-Pad1)")
    (add_net "Net-(C407-Pad1)")
    (add_net "Net-(C501-Pad2)")
    (add_net "Net-(C704-Pad1)")
    (add_net "Net-(C707-Pad1)")
    (add_net "Net-(C708-Pad1)")
    (add_net "Net-(C801-Pad1)")
    (add_net "Net-(C802-Pad1)")
    (add_net "Net-(C803-Pad1)")
    (add_net "Net-(C804-Pad1)")
    (add_net "Net-(C805-Pad1)")
    (add_net "Net-(C805-Pad2)")
    (add_net "Net-(C806-Pad2)")
    (add_net "Net-(D1001-Pad1)")
    (add_net "Net-(D1001-Pad2)")
    (add_net "Net-(D1001-Pad3)")
    (add_net "Net-(D1001-Pad4)")
    (add_net "Net-(D1002-Pad1)")
    (add_net "Net-(D1002-Pad2)")
    (add_net "Net-(D1002-Pad3)")
    (add_net "Net-(D501-Pad1)")
    (add_net "Net-(D503-Pad1)")
    (add_net "Net-(D503-Pad4)")
    (add_net "Net-(D504-Pad1)")
    (add_net "Net-(D504-Pad4)")
    (add_net "Net-(D505-Pad1)")
    (add_net "Net-(D505-Pad4)")
    (add_net "Net-(D506-Pad1)")
    (add_net "Net-(D506-Pad4)")
    (add_net "Net-(D507-Pad1)")
    (add_net "Net-(D507-Pad4)")
    (add_net "Net-(D508-Pad1)")
    (add_net "Net-(D508-Pad4)")
    (add_net "Net-(D509-Pad1)")
    (add_net "Net-(D509-Pad4)")
    (add_net "Net-(D510-Pad1)")
    (add_net "Net-(D510-Pad4)")
    (add_net "Net-(D511-Pad4)")
    (add_net "Net-(J201-Pad2)")
    (add_net "Net-(J201-Pad3)")
    (add_net "Net-(J201-Pad5)")
    (add_net "Net-(J401-Pad6)")
    (add_net "Net-(J901-PadR)")
    (add_net "Net-(J901-PadS)")
    (add_net "Net-(Q401-Pad1)")
    (add_net "Net-(Q402-Pad1)")
    (add_net "Net-(Q403-Pad1)")
    (add_net "Net-(R204-Pad2)")
    (add_net "Net-(R206-Pad2)")
    (add_net "Net-(R207-Pad2)")
    (add_net "Net-(R302-Pad1)")
    (add_net "Net-(R303-Pad1)")
    (add_net "Net-(R305-Pad2)")
    (add_net "Net-(R307-Pad2)")
    (add_net "Net-(R308-Pad2)")
    (add_net "Net-(R309-Pad2)")
    (add_net "Net-(R310-Pad2)")
    (add_net "Net-(R311-Pad2)")
    (add_net "Net-(R312-Pad2)")
    (add_net "Net-(R405-Pad2)")
    (add_net "Net-(R903-Pad1)")
    (add_net "Net-(R904-Pad1)")
    (add_net "Net-(U1101-Pad6)")
    (add_net "Net-(U801-Pad6)")
    (add_net VBUS)
  )

  (module Package_DFN_QFN:QFN-24-1EP_4x4mm_P0.5mm_EP2.6x2.6mm (layer F.Cu) (tedit 5B4D10EE) (tstamp 5BCCE9B7)
    (at 187.5 99.75)
    (descr "QFN, 24 Pin (http://ww1.microchip.com/downloads/en/PackagingSpec/00000049BQ.pdf (Page 278)), generated with kicad-footprint-generator ipc_dfn_qfn_generator.py")
    (tags "QFN DFN_QFN")
    (path /5B9CDC3B/5AE5DA1C)
    (attr smd)
    (fp_text reference U402 (at 0.2695 -3.484) (layer F.SilkS)
      (effects (font (size 1.016 1.016) (thickness 0.15)))
    )
    (fp_text value CP2104 (at 0 3.3) (layer F.Fab)
      (effects (font (size 1 1) (thickness 0.15)))
    )
    (fp_line (start 1.635 -2.11) (end 2.11 -2.11) (layer F.SilkS) (width 0.12))
    (fp_line (start 2.11 -2.11) (end 2.11 -1.635) (layer F.SilkS) (width 0.12))
    (fp_line (start -1.635 2.11) (end -2.11 2.11) (layer F.SilkS) (width 0.12))
    (fp_line (start -2.11 2.11) (end -2.11 1.635) (layer F.SilkS) (width 0.12))
    (fp_line (start 1.635 2.11) (end 2.11 2.11) (layer F.SilkS) (width 0.12))
    (fp_line (start 2.11 2.11) (end 2.11 1.635) (layer F.SilkS) (width 0.12))
    (fp_line (start -1.635 -2.11) (end -2.11 -2.11) (layer F.SilkS) (width 0.12))
    (fp_line (start -1 -2) (end 2 -2) (layer F.Fab) (width 0.1))
    (fp_line (start 2 -2) (end 2 2) (layer F.Fab) (width 0.1))
    (fp_line (start 2 2) (end -2 2) (layer F.Fab) (width 0.1))
    (fp_line (start -2 2) (end -2 -1) (layer F.Fab) (width 0.1))
    (fp_line (start -2 -1) (end -1 -2) (layer F.Fab) (width 0.1))
    (fp_line (start -2.6 -2.6) (end -2.6 2.6) (layer F.CrtYd) (width 0.05))
    (fp_line (start -2.6 2.6) (end 2.6 2.6) (layer F.CrtYd) (width 0.05))
    (fp_line (start 2.6 2.6) (end 2.6 -2.6) (layer F.CrtYd) (width 0.05))
    (fp_line (start 2.6 -2.6) (end -2.6 -2.6) (layer F.CrtYd) (width 0.05))
    (fp_text user %R (at 0 0) (layer F.Fab)
      (effects (font (size 1 1) (thickness 0.15)))
    )
    (pad 25 smd roundrect (at 0 0) (size 2.6 2.6) (layers F.Cu F.Mask) (roundrect_rratio 0.096154)
      (net 1 GND))
    (pad "" smd roundrect (at -0.65 -0.65) (size 1.05 1.05) (layers F.Paste) (roundrect_rratio 0.238095))
    (pad "" smd roundrect (at -0.65 0.65) (size 1.05 1.05) (layers F.Paste) (roundrect_rratio 0.238095))
    (pad "" smd roundrect (at 0.65 -0.65) (size 1.05 1.05) (layers F.Paste) (roundrect_rratio 0.238095))
    (pad "" smd roundrect (at 0.65 0.65) (size 1.05 1.05) (layers F.Paste) (roundrect_rratio 0.238095))
    (pad 1 smd roundrect (at -1.9375 -1.25) (size 0.825 0.25) (layers F.Cu F.Paste F.Mask) (roundrect_rratio 0.25))
    (pad 2 smd roundrect (at -1.9375 -0.75) (size 0.825 0.25) (layers F.Cu F.Paste F.Mask) (roundrect_rratio 0.25)
      (net 1 GND))
    (pad 3 smd roundrect (at -1.9375 -0.25) (size 0.825 0.25) (layers F.Cu F.Paste F.Mask) (roundrect_rratio 0.25)
      (net 78 /BT_WiFi/USB_D+))
    (pad 4 smd roundrect (at -1.9375 0.25) (size 0.825 0.25) (layers F.Cu F.Paste F.Mask) (roundrect_rratio 0.25)
      (net 77 /BT_WiFi/USB_D-))
    (pad 5 smd roundrect (at -1.9375 0.75) (size 0.825 0.25) (layers F.Cu F.Paste F.Mask) (roundrect_rratio 0.25)
      (net 4 +3V3))
    (pad 6 smd roundrect (at -1.9375 1.25) (size 0.825 0.25) (layers F.Cu F.Paste F.Mask) (roundrect_rratio 0.25)
      (net 4 +3V3))
    (pad 7 smd roundrect (at -1.25 1.9375) (size 0.25 0.825) (layers F.Cu F.Paste F.Mask) (roundrect_rratio 0.25)
      (net 2 VBUS))
    (pad 8 smd roundrect (at -0.75 1.9375) (size 0.25 0.825) (layers F.Cu F.Paste F.Mask) (roundrect_rratio 0.25)
      (net 2 VBUS))
    (pad 9 smd roundrect (at -0.25 1.9375) (size 0.25 0.825) (layers F.Cu F.Paste F.Mask) (roundrect_rratio 0.25)
      (net 104 "Net-(R405-Pad2)"))
    (pad 10 smd roundrect (at 0.25 1.9375) (size 0.25 0.825) (layers F.Cu F.Paste F.Mask) (roundrect_rratio 0.25))
    (pad 11 smd roundrect (at 0.75 1.9375) (size 0.25 0.825) (layers F.Cu F.Paste F.Mask) (roundrect_rratio 0.25))
    (pad 12 smd roundrect (at 1.25 1.9375) (size 0.25 0.825) (layers F.Cu F.Paste F.Mask) (roundrect_rratio 0.25))
    (pad 13 smd roundrect (at 1.9375 1.25) (size 0.825 0.25) (layers F.Cu F.Paste F.Mask) (roundrect_rratio 0.25))
    (pad 14 smd roundrect (at 1.9375 0.75) (size 0.825 0.25) (layers F.Cu F.Paste F.Mask) (roundrect_rratio 0.25))
    (pad 15 smd roundrect (at 1.9375 0.25) (size 0.825 0.25) (layers F.Cu F.Paste F.Mask) (roundrect_rratio 0.25))
    (pad 16 smd roundrect (at 1.9375 -0.25) (size 0.825 0.25) (layers F.Cu F.Paste F.Mask) (roundrect_rratio 0.25)
      (net 19 "Net-(C407-Pad1)"))
    (pad 17 smd roundrect (at 1.9375 -0.75) (size 0.825 0.25) (layers F.Cu F.Paste F.Mask) (roundrect_rratio 0.25))
    (pad 18 smd roundrect (at 1.9375 -1.25) (size 0.825 0.25) (layers F.Cu F.Paste F.Mask) (roundrect_rratio 0.25))
    (pad 19 smd roundrect (at 1.25 -1.9375) (size 0.25 0.825) (layers F.Cu F.Paste F.Mask) (roundrect_rratio 0.25)
      (net 81 /BT_WiFi/RTS))
    (pad 20 smd roundrect (at 0.75 -1.9375) (size 0.25 0.825) (layers F.Cu F.Paste F.Mask) (roundrect_rratio 0.25)
      (net 139 /BT_WiFi/TXD0))
    (pad 21 smd roundrect (at 0.25 -1.9375) (size 0.25 0.825) (layers F.Cu F.Paste F.Mask) (roundrect_rratio 0.25)
      (net 138 /BT_WiFi/RXD0))
    (pad 22 smd roundrect (at -0.25 -1.9375) (size 0.25 0.825) (layers F.Cu F.Paste F.Mask) (roundrect_rratio 0.25))
    (pad 23 smd roundrect (at -0.75 -1.9375) (size 0.25 0.825) (layers F.Cu F.Paste F.Mask) (roundrect_rratio 0.25)
      (net 84 /BT_WiFi/DTR))
    (pad 24 smd roundrect (at -1.25 -1.9375) (size 0.25 0.825) (layers F.Cu F.Paste F.Mask) (roundrect_rratio 0.25))
    (model ${KISYS3DMOD}/Package_DFN_QFN.3dshapes/QFN-24-1EP_4x4mm_P0.5mm_EP2.6x2.6mm.wrl
      (at (xyz 0 0 0))
      (scale (xyz 1 1 1))
      (rotate (xyz 0 0 0))
    )
  )

  (module Capacitor_Tantalum_SMD:CP_EIA-3216-18_Kemet-A (layer F.Cu) (tedit 5B301BBE) (tstamp 5BCCD66C)
    (at 191.523229 107.847304 270)
    (descr "Tantalum Capacitor SMD Kemet-A (3216-18 Metric), IPC_7351 nominal, (Body size from: http://www.kemet.com/Lists/ProductCatalog/Attachments/253/KEM_TC101_STD.pdf), generated with kicad-footprint-generator")
    (tags "capacitor tantalum")
    (path /5B96702D/5B9BE6AC)
    (attr smd)
    (fp_text reference C201 (at -0.278304 -4.310771 270) (layer F.SilkS)
      (effects (font (size 1.016 1.016) (thickness 0.15)))
    )
    (fp_text value 10uF (at 0 1.75 270) (layer F.Fab)
      (effects (font (size 1 1) (thickness 0.15)))
    )
    (fp_line (start 1.6 -0.8) (end -1.2 -0.8) (layer F.Fab) (width 0.1))
    (fp_line (start -1.2 -0.8) (end -1.6 -0.4) (layer F.Fab) (width 0.1))
    (fp_line (start -1.6 -0.4) (end -1.6 0.8) (layer F.Fab) (width 0.1))
    (fp_line (start -1.6 0.8) (end 1.6 0.8) (layer F.Fab) (width 0.1))
    (fp_line (start 1.6 0.8) (end 1.6 -0.8) (layer F.Fab) (width 0.1))
    (fp_line (start 1.6 -0.935) (end -2.31 -0.935) (layer F.SilkS) (width 0.12))
    (fp_line (start -2.31 -0.935) (end -2.31 0.935) (layer F.SilkS) (width 0.12))
    (fp_line (start -2.31 0.935) (end 1.6 0.935) (layer F.SilkS) (width 0.12))
    (fp_line (start -2.3 1.05) (end -2.3 -1.05) (layer F.CrtYd) (width 0.05))
    (fp_line (start -2.3 -1.05) (end 2.3 -1.05) (layer F.CrtYd) (width 0.05))
    (fp_line (start 2.3 -1.05) (end 2.3 1.05) (layer F.CrtYd) (width 0.05))
    (fp_line (start 2.3 1.05) (end -2.3 1.05) (layer F.CrtYd) (width 0.05))
    (fp_text user %R (at 0 0 270) (layer F.Fab)
      (effects (font (size 0.8 0.8) (thickness 0.12)))
    )
    (pad 1 smd roundrect (at -1.35 0 270) (size 1.4 1.35) (layers F.Cu F.Paste F.Mask) (roundrect_rratio 0.185185)
      (net 1 GND))
    (pad 2 smd roundrect (at 1.35 0 270) (size 1.4 1.35) (layers F.Cu F.Paste F.Mask) (roundrect_rratio 0.185185)
      (net 2 VBUS))
    (model ${KISYS3DMOD}/Capacitor_Tantalum_SMD.3dshapes/CP_EIA-3216-18_Kemet-A.wrl
      (at (xyz 0 0 0))
      (scale (xyz 1 1 1))
      (rotate (xyz 0 0 0))
    )
  )

  (module Capacitor_SMD:C_0805_2012Metric_Pad1.15x1.40mm_HandSolder (layer F.Cu) (tedit 5BB76400) (tstamp 5BCCD67D)
    (at 187.523229 107.522304 270)
    (descr "Capacitor SMD 0805 (2012 Metric), square (rectangular) end terminal, IPC_7351 nominal with elongated pad for handsoldering. (Body size source: https://docs.google.com/spreadsheets/d/1BsfQQcO9C6DZCsRaXUlFlo91Tg2WpOkGARC1WS5S8t0/edit?usp=sharing), generated with kicad-footprint-generator")
    (tags "capacitor handsolder")
    (path /5B96702D/5B9BE9F6)
    (attr smd)
    (fp_text reference C202 (at 0.046696 -5.770771 270) (layer F.SilkS)
      (effects (font (size 1.016 1.016) (thickness 0.15)))
    )
    (fp_text value 104 (at 0 1.65 270) (layer F.Fab)
      (effects (font (size 1 1) (thickness 0.15)))
    )
    (fp_line (start -1 0.6) (end -1 -0.6) (layer F.Fab) (width 0.1))
    (fp_line (start -1 -0.6) (end 1 -0.6) (layer F.Fab) (width 0.1))
    (fp_line (start 1 -0.6) (end 1 0.6) (layer F.Fab) (width 0.1))
    (fp_line (start 1 0.6) (end -1 0.6) (layer F.Fab) (width 0.1))
    (fp_line (start -0.261252 -0.71) (end 0.261252 -0.71) (layer F.SilkS) (width 0.12))
    (fp_line (start -0.261252 0.71) (end 0.261252 0.71) (layer F.SilkS) (width 0.12))
    (fp_line (start -1.85 0.95) (end -1.85 -0.95) (layer F.CrtYd) (width 0.05))
    (fp_line (start -1.85 -0.95) (end 1.85 -0.95) (layer F.CrtYd) (width 0.05))
    (fp_line (start 1.85 -0.95) (end 1.85 0.95) (layer F.CrtYd) (width 0.05))
    (fp_line (start 1.85 0.95) (end -1.85 0.95) (layer F.CrtYd) (width 0.05))
    (fp_text user %R (at 0 0 270) (layer F.Fab)
      (effects (font (size 0.5 0.5) (thickness 0.08)))
    )
    (pad 1 smd roundrect (at -1.025 0 270) (size 1.15 1.4) (layers F.Cu F.Paste F.Mask) (roundrect_rratio 0.217391)
      (net 1 GND))
    (pad 2 smd roundrect (at 1.025 0 270) (size 1.15 1.4) (layers F.Cu F.Paste F.Mask) (roundrect_rratio 0.217391)
      (net 3 "Net-(C202-Pad2)"))
    (model ${KISYS3DMOD}/Capacitor_SMD.3dshapes/C_0805_2012Metric.wrl
      (at (xyz 0 0 0))
      (scale (xyz 1 1 1))
      (rotate (xyz 0 0 0))
    )
  )

  (module Capacitor_SMD:C_0805_2012Metric_Pad1.15x1.40mm_HandSolder (layer F.Cu) (tedit 5B36C52B) (tstamp 5BCCD68E)
    (at 194 127.475 270)
    (descr "Capacitor SMD 0805 (2012 Metric), square (rectangular) end terminal, IPC_7351 nominal with elongated pad for handsoldering. (Body size source: https://docs.google.com/spreadsheets/d/1BsfQQcO9C6DZCsRaXUlFlo91Tg2WpOkGARC1WS5S8t0/edit?usp=sharing), generated with kicad-footprint-generator")
    (tags "capacitor handsolder")
    (path /5B96702D/5B996B9C)
    (attr smd)
    (fp_text reference C203 (at -0.0305 -2.977 270) (layer F.SilkS)
      (effects (font (size 1.016 1.016) (thickness 0.15)))
    )
    (fp_text value 104 (at 0 1.65 270) (layer F.Fab)
      (effects (font (size 1 1) (thickness 0.15)))
    )
    (fp_text user %R (at 0 0 270) (layer F.Fab)
      (effects (font (size 0.5 0.5) (thickness 0.08)))
    )
    (fp_line (start 1.85 0.95) (end -1.85 0.95) (layer F.CrtYd) (width 0.05))
    (fp_line (start 1.85 -0.95) (end 1.85 0.95) (layer F.CrtYd) (width 0.05))
    (fp_line (start -1.85 -0.95) (end 1.85 -0.95) (layer F.CrtYd) (width 0.05))
    (fp_line (start -1.85 0.95) (end -1.85 -0.95) (layer F.CrtYd) (width 0.05))
    (fp_line (start -0.261252 0.71) (end 0.261252 0.71) (layer F.SilkS) (width 0.12))
    (fp_line (start -0.261252 -0.71) (end 0.261252 -0.71) (layer F.SilkS) (width 0.12))
    (fp_line (start 1 0.6) (end -1 0.6) (layer F.Fab) (width 0.1))
    (fp_line (start 1 -0.6) (end 1 0.6) (layer F.Fab) (width 0.1))
    (fp_line (start -1 -0.6) (end 1 -0.6) (layer F.Fab) (width 0.1))
    (fp_line (start -1 0.6) (end -1 -0.6) (layer F.Fab) (width 0.1))
    (pad 2 smd roundrect (at 1.025 0 270) (size 1.15 1.4) (layers F.Cu F.Paste F.Mask) (roundrect_rratio 0.217391)
      (net 4 +3V3))
    (pad 1 smd roundrect (at -1.025 0 270) (size 1.15 1.4) (layers F.Cu F.Paste F.Mask) (roundrect_rratio 0.217391)
      (net 1 GND))
    (model ${KISYS3DMOD}/Capacitor_SMD.3dshapes/C_0805_2012Metric.wrl
      (at (xyz 0 0 0))
      (scale (xyz 1 1 1))
      (rotate (xyz 0 0 0))
    )
  )

  (module Capacitor_SMD:C_0805_2012Metric_Pad1.15x1.40mm_HandSolder (layer F.Cu) (tedit 5B36C52B) (tstamp 5BCCD69F)
    (at 172.525 109)
    (descr "Capacitor SMD 0805 (2012 Metric), square (rectangular) end terminal, IPC_7351 nominal with elongated pad for handsoldering. (Body size source: https://docs.google.com/spreadsheets/d/1BsfQQcO9C6DZCsRaXUlFlo91Tg2WpOkGARC1WS5S8t0/edit?usp=sharing), generated with kicad-footprint-generator")
    (tags "capacitor handsolder")
    (path /5B96702D/5B96C04A)
    (attr smd)
    (fp_text reference C204 (at 0 -1.65) (layer F.SilkS)
      (effects (font (size 1.016 1.016) (thickness 0.15)))
    )
    (fp_text value 30pF (at 0 1.65) (layer F.Fab)
      (effects (font (size 1 1) (thickness 0.15)))
    )
    (fp_text user %R (at 0 0) (layer F.Fab)
      (effects (font (size 0.5 0.5) (thickness 0.08)))
    )
    (fp_line (start 1.85 0.95) (end -1.85 0.95) (layer F.CrtYd) (width 0.05))
    (fp_line (start 1.85 -0.95) (end 1.85 0.95) (layer F.CrtYd) (width 0.05))
    (fp_line (start -1.85 -0.95) (end 1.85 -0.95) (layer F.CrtYd) (width 0.05))
    (fp_line (start -1.85 0.95) (end -1.85 -0.95) (layer F.CrtYd) (width 0.05))
    (fp_line (start -0.261252 0.71) (end 0.261252 0.71) (layer F.SilkS) (width 0.12))
    (fp_line (start -0.261252 -0.71) (end 0.261252 -0.71) (layer F.SilkS) (width 0.12))
    (fp_line (start 1 0.6) (end -1 0.6) (layer F.Fab) (width 0.1))
    (fp_line (start 1 -0.6) (end 1 0.6) (layer F.Fab) (width 0.1))
    (fp_line (start -1 -0.6) (end 1 -0.6) (layer F.Fab) (width 0.1))
    (fp_line (start -1 0.6) (end -1 -0.6) (layer F.Fab) (width 0.1))
    (pad 2 smd roundrect (at 1.025 0) (size 1.15 1.4) (layers F.Cu F.Paste F.Mask) (roundrect_rratio 0.217391)
      (net 1 GND))
    (pad 1 smd roundrect (at -1.025 0) (size 1.15 1.4) (layers F.Cu F.Paste F.Mask) (roundrect_rratio 0.217391)
      (net 5 "Net-(C204-Pad1)"))
    (model ${KISYS3DMOD}/Capacitor_SMD.3dshapes/C_0805_2012Metric.wrl
      (at (xyz 0 0 0))
      (scale (xyz 1 1 1))
      (rotate (xyz 0 0 0))
    )
  )

  (module Capacitor_SMD:C_0805_2012Metric_Pad1.15x1.40mm_HandSolder (layer F.Cu) (tedit 5B36C52B) (tstamp 5BCCD6B0)
    (at 172.525 123.5)
    (descr "Capacitor SMD 0805 (2012 Metric), square (rectangular) end terminal, IPC_7351 nominal with elongated pad for handsoldering. (Body size source: https://docs.google.com/spreadsheets/d/1BsfQQcO9C6DZCsRaXUlFlo91Tg2WpOkGARC1WS5S8t0/edit?usp=sharing), generated with kicad-footprint-generator")
    (tags "capacitor handsolder")
    (path /5B96702D/5B96C120)
    (attr smd)
    (fp_text reference C205 (at 2.608 -0.056 90) (layer F.SilkS)
      (effects (font (size 1.016 1.016) (thickness 0.15)))
    )
    (fp_text value 30pF (at 0 1.65) (layer F.Fab)
      (effects (font (size 1 1) (thickness 0.15)))
    )
    (fp_line (start -1 0.6) (end -1 -0.6) (layer F.Fab) (width 0.1))
    (fp_line (start -1 -0.6) (end 1 -0.6) (layer F.Fab) (width 0.1))
    (fp_line (start 1 -0.6) (end 1 0.6) (layer F.Fab) (width 0.1))
    (fp_line (start 1 0.6) (end -1 0.6) (layer F.Fab) (width 0.1))
    (fp_line (start -0.261252 -0.71) (end 0.261252 -0.71) (layer F.SilkS) (width 0.12))
    (fp_line (start -0.261252 0.71) (end 0.261252 0.71) (layer F.SilkS) (width 0.12))
    (fp_line (start -1.85 0.95) (end -1.85 -0.95) (layer F.CrtYd) (width 0.05))
    (fp_line (start -1.85 -0.95) (end 1.85 -0.95) (layer F.CrtYd) (width 0.05))
    (fp_line (start 1.85 -0.95) (end 1.85 0.95) (layer F.CrtYd) (width 0.05))
    (fp_line (start 1.85 0.95) (end -1.85 0.95) (layer F.CrtYd) (width 0.05))
    (fp_text user %R (at 0 0) (layer F.Fab)
      (effects (font (size 0.5 0.5) (thickness 0.08)))
    )
    (pad 1 smd roundrect (at -1.025 0) (size 1.15 1.4) (layers F.Cu F.Paste F.Mask) (roundrect_rratio 0.217391)
      (net 6 "Net-(C205-Pad1)"))
    (pad 2 smd roundrect (at 1.025 0) (size 1.15 1.4) (layers F.Cu F.Paste F.Mask) (roundrect_rratio 0.217391)
      (net 1 GND))
    (model ${KISYS3DMOD}/Capacitor_SMD.3dshapes/C_0805_2012Metric.wrl
      (at (xyz 0 0 0))
      (scale (xyz 1 1 1))
      (rotate (xyz 0 0 0))
    )
  )

  (module Capacitor_Tantalum_SMD:CP_EIA-3216-18_Kemet-A (layer F.Cu) (tedit 5B301BBE) (tstamp 5BCCD6C3)
    (at 190.85 124.5 180)
    (descr "Tantalum Capacitor SMD Kemet-A (3216-18 Metric), IPC_7351 nominal, (Body size from: http://www.kemet.com/Lists/ProductCatalog/Attachments/253/KEM_TC101_STD.pdf), generated with kicad-footprint-generator")
    (tags "capacitor tantalum")
    (path /5B96702D/5B96A13E)
    (attr smd)
    (fp_text reference C206 (at -4.349 0.04 180) (layer F.SilkS)
      (effects (font (size 1.016 1.016) (thickness 0.15)))
    )
    (fp_text value 10uF (at 0 1.75 180) (layer F.Fab)
      (effects (font (size 1 1) (thickness 0.15)))
    )
    (fp_text user %R (at 0 0 180) (layer F.Fab)
      (effects (font (size 0.8 0.8) (thickness 0.12)))
    )
    (fp_line (start 2.3 1.05) (end -2.3 1.05) (layer F.CrtYd) (width 0.05))
    (fp_line (start 2.3 -1.05) (end 2.3 1.05) (layer F.CrtYd) (width 0.05))
    (fp_line (start -2.3 -1.05) (end 2.3 -1.05) (layer F.CrtYd) (width 0.05))
    (fp_line (start -2.3 1.05) (end -2.3 -1.05) (layer F.CrtYd) (width 0.05))
    (fp_line (start -2.31 0.935) (end 1.6 0.935) (layer F.SilkS) (width 0.12))
    (fp_line (start -2.31 -0.935) (end -2.31 0.935) (layer F.SilkS) (width 0.12))
    (fp_line (start 1.6 -0.935) (end -2.31 -0.935) (layer F.SilkS) (width 0.12))
    (fp_line (start 1.6 0.8) (end 1.6 -0.8) (layer F.Fab) (width 0.1))
    (fp_line (start -1.6 0.8) (end 1.6 0.8) (layer F.Fab) (width 0.1))
    (fp_line (start -1.6 -0.4) (end -1.6 0.8) (layer F.Fab) (width 0.1))
    (fp_line (start -1.2 -0.8) (end -1.6 -0.4) (layer F.Fab) (width 0.1))
    (fp_line (start 1.6 -0.8) (end -1.2 -0.8) (layer F.Fab) (width 0.1))
    (pad 2 smd roundrect (at 1.35 0 180) (size 1.4 1.35) (layers F.Cu F.Paste F.Mask) (roundrect_rratio 0.185185)
      (net 7 "Net-(C206-Pad2)"))
    (pad 1 smd roundrect (at -1.35 0 180) (size 1.4 1.35) (layers F.Cu F.Paste F.Mask) (roundrect_rratio 0.185185)
      (net 1 GND))
    (model ${KISYS3DMOD}/Capacitor_Tantalum_SMD.3dshapes/CP_EIA-3216-18_Kemet-A.wrl
      (at (xyz 0 0 0))
      (scale (xyz 1 1 1))
      (rotate (xyz 0 0 0))
    )
  )

  (module Capacitor_SMD:C_0805_2012Metric_Pad1.15x1.40mm_HandSolder (layer F.Cu) (tedit 5B36C52B) (tstamp 5BCCD6D4)
    (at 190.5 122.5 180)
    (descr "Capacitor SMD 0805 (2012 Metric), square (rectangular) end terminal, IPC_7351 nominal with elongated pad for handsoldering. (Body size source: https://docs.google.com/spreadsheets/d/1BsfQQcO9C6DZCsRaXUlFlo91Tg2WpOkGARC1WS5S8t0/edit?usp=sharing), generated with kicad-footprint-generator")
    (tags "capacitor handsolder")
    (path /5B96702D/5B969FC9)
    (attr smd)
    (fp_text reference C207 (at -4.699 0.0085 180) (layer F.SilkS)
      (effects (font (size 1.016 1.016) (thickness 0.15)))
    )
    (fp_text value 104 (at 0 1.65 180) (layer F.Fab)
      (effects (font (size 1 1) (thickness 0.15)))
    )
    (fp_line (start -1 0.6) (end -1 -0.6) (layer F.Fab) (width 0.1))
    (fp_line (start -1 -0.6) (end 1 -0.6) (layer F.Fab) (width 0.1))
    (fp_line (start 1 -0.6) (end 1 0.6) (layer F.Fab) (width 0.1))
    (fp_line (start 1 0.6) (end -1 0.6) (layer F.Fab) (width 0.1))
    (fp_line (start -0.261252 -0.71) (end 0.261252 -0.71) (layer F.SilkS) (width 0.12))
    (fp_line (start -0.261252 0.71) (end 0.261252 0.71) (layer F.SilkS) (width 0.12))
    (fp_line (start -1.85 0.95) (end -1.85 -0.95) (layer F.CrtYd) (width 0.05))
    (fp_line (start -1.85 -0.95) (end 1.85 -0.95) (layer F.CrtYd) (width 0.05))
    (fp_line (start 1.85 -0.95) (end 1.85 0.95) (layer F.CrtYd) (width 0.05))
    (fp_line (start 1.85 0.95) (end -1.85 0.95) (layer F.CrtYd) (width 0.05))
    (fp_text user %R (at 0 0 180) (layer F.Fab)
      (effects (font (size 0.5 0.5) (thickness 0.08)))
    )
    (pad 1 smd roundrect (at -1.025 0 180) (size 1.15 1.4) (layers F.Cu F.Paste F.Mask) (roundrect_rratio 0.217391)
      (net 1 GND))
    (pad 2 smd roundrect (at 1.025 0 180) (size 1.15 1.4) (layers F.Cu F.Paste F.Mask) (roundrect_rratio 0.217391)
      (net 7 "Net-(C206-Pad2)"))
    (model ${KISYS3DMOD}/Capacitor_SMD.3dshapes/C_0805_2012Metric.wrl
      (at (xyz 0 0 0))
      (scale (xyz 1 1 1))
      (rotate (xyz 0 0 0))
    )
  )

  (module Capacitor_Tantalum_SMD:CP_EIA-3216-18_Kemet-A (layer F.Cu) (tedit 5B301BBE) (tstamp 5BCCD6E7)
    (at 189.5 128 90)
    (descr "Tantalum Capacitor SMD Kemet-A (3216-18 Metric), IPC_7351 nominal, (Body size from: http://www.kemet.com/Lists/ProductCatalog/Attachments/253/KEM_TC101_STD.pdf), generated with kicad-footprint-generator")
    (tags "capacitor tantalum")
    (path /5B96702D/5B97445D)
    (attr smd)
    (fp_text reference C208 (at 0.8095 -1.7305 90) (layer F.SilkS)
      (effects (font (size 1.016 1.016) (thickness 0.15)))
    )
    (fp_text value 10uF (at 0 1.75 90) (layer F.Fab)
      (effects (font (size 1 1) (thickness 0.15)))
    )
    (fp_line (start 1.6 -0.8) (end -1.2 -0.8) (layer F.Fab) (width 0.1))
    (fp_line (start -1.2 -0.8) (end -1.6 -0.4) (layer F.Fab) (width 0.1))
    (fp_line (start -1.6 -0.4) (end -1.6 0.8) (layer F.Fab) (width 0.1))
    (fp_line (start -1.6 0.8) (end 1.6 0.8) (layer F.Fab) (width 0.1))
    (fp_line (start 1.6 0.8) (end 1.6 -0.8) (layer F.Fab) (width 0.1))
    (fp_line (start 1.6 -0.935) (end -2.31 -0.935) (layer F.SilkS) (width 0.12))
    (fp_line (start -2.31 -0.935) (end -2.31 0.935) (layer F.SilkS) (width 0.12))
    (fp_line (start -2.31 0.935) (end 1.6 0.935) (layer F.SilkS) (width 0.12))
    (fp_line (start -2.3 1.05) (end -2.3 -1.05) (layer F.CrtYd) (width 0.05))
    (fp_line (start -2.3 -1.05) (end 2.3 -1.05) (layer F.CrtYd) (width 0.05))
    (fp_line (start 2.3 -1.05) (end 2.3 1.05) (layer F.CrtYd) (width 0.05))
    (fp_line (start 2.3 1.05) (end -2.3 1.05) (layer F.CrtYd) (width 0.05))
    (fp_text user %R (at 0 0 90) (layer F.Fab)
      (effects (font (size 0.8 0.8) (thickness 0.12)))
    )
    (pad 1 smd roundrect (at -1.35 0 90) (size 1.4 1.35) (layers F.Cu F.Paste F.Mask) (roundrect_rratio 0.185185)
      (net 4 +3V3))
    (pad 2 smd roundrect (at 1.35 0 90) (size 1.4 1.35) (layers F.Cu F.Paste F.Mask) (roundrect_rratio 0.185185)
      (net 1 GND))
    (model ${KISYS3DMOD}/Capacitor_Tantalum_SMD.3dshapes/CP_EIA-3216-18_Kemet-A.wrl
      (at (xyz 0 0 0))
      (scale (xyz 1 1 1))
      (rotate (xyz 0 0 0))
    )
  )

  (module Capacitor_SMD:C_0805_2012Metric_Pad1.15x1.40mm_HandSolder (layer F.Cu) (tedit 5B36C52B) (tstamp 5BCCD6F8)
    (at 192 127.525 90)
    (descr "Capacitor SMD 0805 (2012 Metric), square (rectangular) end terminal, IPC_7351 nominal with elongated pad for handsoldering. (Body size source: https://docs.google.com/spreadsheets/d/1BsfQQcO9C6DZCsRaXUlFlo91Tg2WpOkGARC1WS5S8t0/edit?usp=sharing), generated with kicad-footprint-generator")
    (tags "capacitor handsolder")
    (path /5B96702D/5B974456)
    (attr smd)
    (fp_text reference C209 (at 0.0805 3.6435 90) (layer F.SilkS)
      (effects (font (size 1.016 1.016) (thickness 0.15)))
    )
    (fp_text value 104 (at 0 1.65 90) (layer F.Fab)
      (effects (font (size 1 1) (thickness 0.15)))
    )
    (fp_text user %R (at 0 0 90) (layer F.Fab)
      (effects (font (size 0.5 0.5) (thickness 0.08)))
    )
    (fp_line (start 1.85 0.95) (end -1.85 0.95) (layer F.CrtYd) (width 0.05))
    (fp_line (start 1.85 -0.95) (end 1.85 0.95) (layer F.CrtYd) (width 0.05))
    (fp_line (start -1.85 -0.95) (end 1.85 -0.95) (layer F.CrtYd) (width 0.05))
    (fp_line (start -1.85 0.95) (end -1.85 -0.95) (layer F.CrtYd) (width 0.05))
    (fp_line (start -0.261252 0.71) (end 0.261252 0.71) (layer F.SilkS) (width 0.12))
    (fp_line (start -0.261252 -0.71) (end 0.261252 -0.71) (layer F.SilkS) (width 0.12))
    (fp_line (start 1 0.6) (end -1 0.6) (layer F.Fab) (width 0.1))
    (fp_line (start 1 -0.6) (end 1 0.6) (layer F.Fab) (width 0.1))
    (fp_line (start -1 -0.6) (end 1 -0.6) (layer F.Fab) (width 0.1))
    (fp_line (start -1 0.6) (end -1 -0.6) (layer F.Fab) (width 0.1))
    (pad 2 smd roundrect (at 1.025 0 90) (size 1.15 1.4) (layers F.Cu F.Paste F.Mask) (roundrect_rratio 0.217391)
      (net 1 GND))
    (pad 1 smd roundrect (at -1.025 0 90) (size 1.15 1.4) (layers F.Cu F.Paste F.Mask) (roundrect_rratio 0.217391)
      (net 4 +3V3))
    (model ${KISYS3DMOD}/Capacitor_SMD.3dshapes/C_0805_2012Metric.wrl
      (at (xyz 0 0 0))
      (scale (xyz 1 1 1))
      (rotate (xyz 0 0 0))
    )
  )

  (module Capacitor_SMD:C_0805_2012Metric_Pad1.15x1.40mm_HandSolder (layer F.Cu) (tedit 5B36C52B) (tstamp 5BCCD709)
    (at 167.975 126.5 180)
    (descr "Capacitor SMD 0805 (2012 Metric), square (rectangular) end terminal, IPC_7351 nominal with elongated pad for handsoldering. (Body size source: https://docs.google.com/spreadsheets/d/1BsfQQcO9C6DZCsRaXUlFlo91Tg2WpOkGARC1WS5S8t0/edit?usp=sharing), generated with kicad-footprint-generator")
    (tags "capacitor handsolder")
    (path /5B9CD85A/5B993FA9)
    (attr smd)
    (fp_text reference C301 (at 2.4305 0.643 270) (layer F.SilkS)
      (effects (font (size 1.016 1.016) (thickness 0.15)))
    )
    (fp_text value 100nF (at 0 1.65 180) (layer F.Fab)
      (effects (font (size 1 1) (thickness 0.15)))
    )
    (fp_line (start -1 0.6) (end -1 -0.6) (layer F.Fab) (width 0.1))
    (fp_line (start -1 -0.6) (end 1 -0.6) (layer F.Fab) (width 0.1))
    (fp_line (start 1 -0.6) (end 1 0.6) (layer F.Fab) (width 0.1))
    (fp_line (start 1 0.6) (end -1 0.6) (layer F.Fab) (width 0.1))
    (fp_line (start -0.261252 -0.71) (end 0.261252 -0.71) (layer F.SilkS) (width 0.12))
    (fp_line (start -0.261252 0.71) (end 0.261252 0.71) (layer F.SilkS) (width 0.12))
    (fp_line (start -1.85 0.95) (end -1.85 -0.95) (layer F.CrtYd) (width 0.05))
    (fp_line (start -1.85 -0.95) (end 1.85 -0.95) (layer F.CrtYd) (width 0.05))
    (fp_line (start 1.85 -0.95) (end 1.85 0.95) (layer F.CrtYd) (width 0.05))
    (fp_line (start 1.85 0.95) (end -1.85 0.95) (layer F.CrtYd) (width 0.05))
    (fp_text user %R (at 0 0 180) (layer F.Fab)
      (effects (font (size 0.5 0.5) (thickness 0.08)))
    )
    (pad 1 smd roundrect (at -1.025 0 180) (size 1.15 1.4) (layers F.Cu F.Paste F.Mask) (roundrect_rratio 0.217391)
      (net 8 "Net-(C301-Pad1)"))
    (pad 2 smd roundrect (at 1.025 0 180) (size 1.15 1.4) (layers F.Cu F.Paste F.Mask) (roundrect_rratio 0.217391)
      (net 1 GND))
    (model ${KISYS3DMOD}/Capacitor_SMD.3dshapes/C_0805_2012Metric.wrl
      (at (xyz 0 0 0))
      (scale (xyz 1 1 1))
      (rotate (xyz 0 0 0))
    )
  )

  (module Capacitor_SMD:C_0805_2012Metric_Pad1.15x1.40mm_HandSolder (layer F.Cu) (tedit 5B36C52B) (tstamp 5BCCD71A)
    (at 172 126.5)
    (descr "Capacitor SMD 0805 (2012 Metric), square (rectangular) end terminal, IPC_7351 nominal with elongated pad for handsoldering. (Body size source: https://docs.google.com/spreadsheets/d/1BsfQQcO9C6DZCsRaXUlFlo91Tg2WpOkGARC1WS5S8t0/edit?usp=sharing), generated with kicad-footprint-generator")
    (tags "capacitor handsolder")
    (path /5B9CD85A/5B98A042)
    (attr smd)
    (fp_text reference C302 (at 3.133 0.8175 90) (layer F.SilkS)
      (effects (font (size 1.016 1.016) (thickness 0.15)))
    )
    (fp_text value 10nF (at 0 1.65) (layer F.Fab)
      (effects (font (size 1 1) (thickness 0.15)))
    )
    (fp_text user %R (at 0 0) (layer F.Fab)
      (effects (font (size 0.5 0.5) (thickness 0.08)))
    )
    (fp_line (start 1.85 0.95) (end -1.85 0.95) (layer F.CrtYd) (width 0.05))
    (fp_line (start 1.85 -0.95) (end 1.85 0.95) (layer F.CrtYd) (width 0.05))
    (fp_line (start -1.85 -0.95) (end 1.85 -0.95) (layer F.CrtYd) (width 0.05))
    (fp_line (start -1.85 0.95) (end -1.85 -0.95) (layer F.CrtYd) (width 0.05))
    (fp_line (start -0.261252 0.71) (end 0.261252 0.71) (layer F.SilkS) (width 0.12))
    (fp_line (start -0.261252 -0.71) (end 0.261252 -0.71) (layer F.SilkS) (width 0.12))
    (fp_line (start 1 0.6) (end -1 0.6) (layer F.Fab) (width 0.1))
    (fp_line (start 1 -0.6) (end 1 0.6) (layer F.Fab) (width 0.1))
    (fp_line (start -1 -0.6) (end 1 -0.6) (layer F.Fab) (width 0.1))
    (fp_line (start -1 0.6) (end -1 -0.6) (layer F.Fab) (width 0.1))
    (pad 2 smd roundrect (at 1.025 0) (size 1.15 1.4) (layers F.Cu F.Paste F.Mask) (roundrect_rratio 0.217391)
      (net 9 "Net-(C302-Pad2)"))
    (pad 1 smd roundrect (at -1.025 0) (size 1.15 1.4) (layers F.Cu F.Paste F.Mask) (roundrect_rratio 0.217391)
      (net 10 "Net-(C302-Pad1)"))
    (model ${KISYS3DMOD}/Capacitor_SMD.3dshapes/C_0805_2012Metric.wrl
      (at (xyz 0 0 0))
      (scale (xyz 1 1 1))
      (rotate (xyz 0 0 0))
    )
  )

  (module Capacitor_SMD:C_0805_2012Metric_Pad1.15x1.40mm_HandSolder (layer F.Cu) (tedit 5B36C52B) (tstamp 5BCCD72B)
    (at 156.5 131 180)
